000
000
011
010
010
010
000
000
000
000
000
000
000
000
000
000
000
000
000
000
000
000
010
011
000
000
000
000
000
000
000
000
000
001
000
000
000
000
000
000
000
000
000
000
000
000
000
000
000
010
010
011
000
110
100
110
010
110
110
110
110
011
011
111
110
110
110
110
110
000
000
000
110
000
000
110
110
110
000
110
000
000
000
000
000
000
000
000
000
000
000
000
000
000
000
000
000
000
000
000
000
000
000
000
000
001
001
000
000
000
000
000
000
000
000
000
000
000
000
000
000
000
000
000
000
000
000
000
000
000
000
000
000
000
000
000
001
000
000
000
000
000
000
000
000
001
001
001
001
001
000
000
000
000
000
000
000
000
000
000
000
000
000
000
000
000
000
000
000
000
000
000
000
000
000
000
000
000
000
000
000
000
000
000
000
000
000
000
000
000
000
000
000
000
000
000
000
000
000
000
000
000
000
000
000
000
000
000
000
000
000
000
000
000
000
000
000
000
000
000
000
000
000
000
000
000
000
000
000
000
000
000
000
000
000
000
000
000
000
000
000
000
000
000
000
000
000
000
000
000
000
000
000
000
000
000
000
000
000
000
000
000
000
000
000
000
000
000
000
010
010
010
000
000
010
010
010
000
000
001
000
000
000
000
000
000
011
011
011
011
011
011
011
011
010
010
011
010
000
000
000
000
000
000
000
000
000
000
000
000
000
000
000
000
000
000
000
000
000
000
000
000
000
000
000
000
000
000
000
000
000
000
000
000
000
000
000
000
000
000
000
000
001
000
000
000
000
000
000
001
000
001
001
001
000
000
001
001
001
001
001
001
000
001
001
000
000
000
001
001
001
001
001
001
001
001
001
001
001
001
001
001
001
001
001
000
001
000
001
000
000
000
000
000
000
000
000
000